0.000007
0.000004
-0.000001
-0.000005
0.000027
0.000001
-0.000004
0.000006
-0.000003
-0.000015
-0.000012
-0.000001
-0.000000
0.000014
0.000017
0.000002
-0.000007
0.000008
-0.000002
-0.000007
0.000007
-0.000001
-0.000007
0.000005
0.000002
-0.000002
0.000002
-0.000000
-0.000004
-0.000009
-0.000002
0.000001
0.000009
0.000020
0.000001
-0.000004
0.000004
-0.000007
-0.000003
0.000006
-0.000003
0.000004
-0.000011
0.000010
0.000010
-0.000004
-0.000008
0.000013
0.000009
0.000003
0.000000
0.000007
-0.000007
-0.000001
-0.000010
-0.000007
-0.000013
-0.000001
-0.000015
0.000002
0.000008
-0.000002
0.000015
0.000005
-0.000011
-0.000000
-0.000011
-0.000009
0.000004
0.000005
0.000021
0.000005
-0.000000
0.000000
0.000002
-0.000002
-0.000002
-0.000003
-0.000010
0.000006
0.000022
-0.000005
-0.000010
0.000035
-0.000007
-0.000006
0.000019
0.000012
-0.000008
0.000017
0.000029
0.000004
-0.000009
-0.000000
0.000010
-0.000007
-0.000012
0.000005
-0.000016
-0.000007
0.000026
0.000000
-0.000000
0.000006
0.000076
0.003031
0.002002
0.007327
0.008918
0.010268
0.011714
0.011525
0.012399
0.012345
0.012676
0.014349
0.004992
0.013751
0.013206
0.013177
0.015190
0.005182
0.013208
0.015309
0.005316
0.013751
0.013374
0.015075
0.005243
0.013605
0.008256
0.005461
0.013315
0.019556
0.005242
0.013141
0.013079
0.015058
0.005144
0.013342
0.015628
0.005405
0.013419
0.019629
0.005035
0.014920
0.005142
0.012771
0.013140
0.008010
0.005277
0.013075
0.013323
0.014604
0.005124
0.012212
0.013788
0.004773
0.012107
0.004117
0.003347
0.008569
0.004008
0.020478
0.014330
0.006928
0.011504
0.002810
0.004821
0.008620
0.006839
0.005569
0.002086
0.002314
0.000019
-0.002233
-0.003915
-0.004930
-0.003471
-0.002537
-0.007712
-0.004622
-0.002983
-0.003519
-0.002970
-0.008260
-0.003133
-0.005748
-0.003758
-0.010571
-0.003181
-0.006684
-0.016413
-0.009817
-0.004889
-0.005838
-0.004158
-0.003902
-0.014441
-0.004758
-0.007218
-0.002535
-0.006154
-0.001651
-0.002971
-0.004792
-0.004103
-0.001452
-0.000408
-0.000485
0.002242
0.002659
0.001643
0.002271
0.002805
0.002648
0.004077
0.011949
0.004027
0.007038
0.003947
0.005156
0.015062
0.004011
0.004487
0.009238
0.014480
0.011674
0.006528
0.006639
0.002963
0.003206
0.011699
0.003024
0.007913
0.001540
0.003420
0.001142
0.000947
0.000556
0.000118
-0.000901
-0.001203
-0.005047
-0.003572
-0.002894
-0.004652
-0.003176
-0.004785
-0.009283
-0.008120
-0.005602
-0.014268
-0.015965
-0.008615
-0.006152
-0.016285
-0.017297
-0.009421
-0.006374
-0.014417
-0.007875
-0.003696
-0.014897
-0.013195
-0.005967
-0.003212
-0.004506
-0.001135
-0.002271
-0.000949
-0.001756
-0.000186
0.000166
0.002733
0.001821
0.004125
0.009420
0.007191
0.002605
0.007097
0.004339
0.013410
0.004840
0.007723
0.011986
0.005014
0.015143
0.008080
0.004899
0.014810
0.005196
0.007732
0.013747
0.004390
0.003667
0.008307
0.003714
0.006197
0.001729
0.003373
0.001514
0.001652
0.000180
-0.000267
-0.000433
-0.001947
-0.002195
-0.001305
-0.006905
-0.002962
-0.002539
-0.003768
-0.012383
-0.015654
-0.007824
-0.005647
-0.003347
-0.009493
-0.010097
-0.010633
-0.005819
-0.008616
-0.006266
-0.015265
-0.016889
-0.009025
-0.006116
-0.014610
-0.008397
-0.004116
-0.017067
-0.015180
-0.007823
-0.004588
-0.008514
-0.003736
-0.001234
-0.001420
-0.001818
-0.000328
0.000233
0.002169
0.000978
0.002436
0.001724
0.006739
0.002805
0.005122
0.010366
0.003574
0.012673
0.007149
0.013212
0.004383
0.014914
0.007969
0.004663
0.003145
0.008970
0.004870
0.014682
0.013706
0.007631
0.004690
0.014363
0.004785
0.007189
0.002517
0.034268
0.002634
0.001790
0.001879
-0.002315
-0.002353
-0.008314
-0.011536
-0.004530
-0.011932
-0.012242
-0.013194
-0.005337
-0.013355
-0.015346
-0.005842
-0.014729
-0.015773
-0.005976
-0.013989
-0.016366
-0.005976
-0.014383
-0.021223
-0.005738
-0.013875
-0.013426
-0.013001
-0.004729
-0.010609
-0.009965
-0.003215
-0.006707
-0.002644
-0.004278
-0.001866
-0.000822
-0.001955
-0.000611
-0.000793
-0.000230
0.000128
0.000297
0.001655
0.000811
0.003275
0.001123
0.004004
0.001431
0.002073
0.004169
0.004892
0.001758
0.002029
0.002060
0.004835
0.005435
0.001857
0.006217
0.001719
0.008835
0.004636
0.003626
0.003148
0.004100
0.005559
0.001296
0.001391
0.002879
0.001103
0.002615
0.000533
0.001420
0.000238
0.000382
0.000007
-0.000303
-0.001010
-0.000606
-0.001783
-0.002265
-0.003107
-0.002234
-0.003221
-0.001824
-0.003910
-0.002126
-0.007582
-0.001498
-0.004234
-0.001360
-0.002391
-0.001857
-0.004529
-0.002769
-0.007122
-0.007646
-0.004124
-0.002090
-0.001377
-0.002103
-0.003048
-0.004669
-0.002658
-0.001078
-0.002788
-0.003072
-0.000729
-0.001736
-0.000421
-0.000399
0.000765
0.001958
0.001388
0.002689
0.000895
0.002305
0.002289
0.001585
0.005115
0.001957
0.003295
0.006270
0.001701
0.002108
0.003706
0.001925
0.001816
0.001819
0.003825
0.004029
0.001020
0.001533
0.002755
0.003593
0.002883
0.003413
0.002484
0.002301
0.000693
0.002393
0.000466
0.002009
0.000416
0.001228
0.000225
0.000771
0.000401
-0.000718
-0.000383
-0.000266
-0.000723
-0.001766
-0.001068
-0.004478
-0.005377
-0.001639
-0.002321
-0.003697
-0.001394
-0.003880
-0.002525
-0.004805
-0.004508
-0.003054
-0.008539
-0.009581
-0.004609
-0.003018
-0.007008
-0.002243
-0.001671
-0.002154
-0.006236
-0.004500
-0.001058
-0.000905
-0.001642
-0.001032
-0.001174
-0.000530
-0.000651
-0.000086
0.000570
0.000412
0.001443
0.000698
0.002169
0.001634
0.003968
0.003578
0.006851
0.001855
0.002543
0.004617
0.001551
0.002614
0.002762
0.004931
0.001425
0.002752
0.002343
0.002579
0.004365
0.001985
0.002278
0.002136
0.004568
0.002046
0.001950
0.004494
0.001168
0.005078
0.002669
0.003646
0.000708
0.002160
0.000613
0.000038
-0.000175
-0.000185
-0.000777
-0.000338
-0.000950
-0.001534
-0.001551
-0.004875
-0.003626
-0.003291
-0.001747
-0.002749
-0.001554
-0.005127
-0.001710
-0.003305
-0.002379
-0.006862
-0.002168
-0.004095
-0.003680
-0.007075
-0.003010
-0.004778
-0.003804
-0.008138
-0.003601
-0.009687
-0.002895
-0.008500
-0.003972
-0.003638
-0.009807
-0.003222
-0.005438
-0.003714
-0.020398
-0.004845
-0.006292
-0.003421
-0.011033
-0.004194
-0.006142
-0.005526
-0.011077
-0.005396
-0.003927
-0.003031
-0.007382
-0.019269
-0.003553
-0.002797
-0.006954
-0.003621
0.000061
0.002710
0.004706
0.001957
0.002957
0.007034
0.012135
0.004105
0.009929
0.007678
0.013579
0.004491
0.010805
0.004248
0.014854
0.004901
0.012058
0.004585
0.015670
0.005137
0.003209
0.009623
0.015664
0.016445
0.016700
0.008765
0.015314
0.008491
0.003576
0.005938
0.001944
0.002874
0.002284
0.004358
0.003312
0.001006
0.000983
0.000860
0.000502
0.000255
-0.000340
-0.002164
-0.001412
-0.001343
-0.002530
-0.003076
-0.008611
-0.010115
-0.011537
-0.006484
-0.003927
-0.008897
-0.007132
-0.002725
-0.004776
-0.003872
-0.010087
-0.002987
-0.004772
-0.005137
-0.002917
-0.014042
-0.012063
-0.012449
-0.006049
-0.005031
-0.002312
-0.004686
-0.001157
-0.004746
-0.002943
-0.000457
0.000139
0.000583
0.001122
0.002933
0.001763
0.002391
0.002851
0.003603
0.007552
0.012085
0.012960
0.003701
0.007259
0.004678
0.014701
0.016984
0.008489
0.015367
0.002550
0.010990
0.008526
0.003613
0.020462
0.003557
0.006789
0.002365
0.003561
0.002850
0.005836
0.002545
0.001935
0.004401
0.004454
0.003738
0.001247
0.001159
0.000186
-0.000158
-0.000310
-0.001141
-0.001250
-0.004262
-0.008149
-0.005683
-0.002905
-0.007963
-0.003033
-0.009023
-0.003821
-0.005398
-0.014649
-0.003305
-0.009684
-0.017062
-0.017115
-0.018744
-0.004899
-0.005283
-0.003618
-0.005877
-0.010713
-0.003543
-0.003020
-0.004317
-0.007465
-0.002751
-0.005796
-0.004323
-0.003216
-0.003489
-0.000969
0.000158
0.000920
0.000752
0.001385
0.002144
0.005152
0.003289
0.012152
0.015833
0.003781
0.014848
0.004941
0.016292
0.008966
0.015350
0.004851
0.015921
0.008557
0.005968
0.008686
0.016325
0.008844
0.015290
0.003926
0.005658
0.008541
0.015105
0.004929
0.016030
0.008229
0.003746
0.008275
0.003292
0.008258
0.002252
0.004885
0.001492
0.001924
0.000902
0.000582
0.002113
0.000308
0.000176
-0.000201
-0.000527
-0.000794
-0.002101
-0.001797
-0.003290
-0.002679
-0.004187
-0.007643
-0.002775
-0.008117
-0.003944
-0.010741
-0.005465
-0.009829
-0.016973
-0.012024
-0.003851
-0.004199
-0.006942
-0.058739
-0.010536
-0.006007
-0.006054
-0.006249
-0.005172
-0.012179
-0.007667
-0.005545
-0.013898
-0.016826
-0.006080
-0.015477
-0.017737
-0.006415
-0.015523
-0.015303
-0.015435
-0.005905
-0.014761
-0.015578
-0.006026
-0.014740
-0.005222
-0.003497
-0.009575
-0.003926
-0.002708
-0.001726
-0.001695
-0.003433
-0.000879
-0.000874
-0.000802
-0.002270
-0.002040
-0.000550
-0.000730
-0.000278
0.000129
0.001688
0.005467
0.008235
0.002607
0.005610
0.002828
0.003396
0.006919
0.007087
0.002518
0.004283
0.003795
0.004817
0.007581
0.003417
0.003941
0.004117
0.008264
0.003915
0.003735
0.003801
0.007990
0.012620
0.012618
0.012329
0.005880
0.002093
0.004077
0.001551
0.001321
0.000807
0.002099
0.000255
-0.000527
-0.000550
-0.002082
-0.002271
-0.003075
-0.001865
-0.005946
-0.004800
-0.002682
-0.002233
-0.003630
-0.003764
-0.009540
-0.003289
-0.011427
-0.006721
-0.002332
-0.004145
-0.003055
-0.007729
-0.002472
-0.003347
-0.009725
-0.005058
-0.002640
-0.009284
-0.002162
-0.001949
-0.003944
-0.003095
-0.000840
-0.000792
-0.001969
-0.000503
0.000603
0.002644
0.001018
0.001743
0.003499
0.001892
0.010145
0.010854
0.006188
0.003210
0.003302
0.017895
0.003277
0.006782
0.002968
0.014057
0.003346
0.006522
0.002895
0.008985
0.003769
0.007351
0.003052
0.008609
0.002504
0.007184
0.002407
0.002555
0.012032
0.001865
0.003615
0.001450
0.001246
0.002231
0.000698
0.000707
0.000475
0.000189
-0.000184
-0.000956
-0.000559
-0.000730
-0.003166
-0.000968
-0.000983
-0.002676
-0.004851
-0.004603
-0.005622
-0.001704
-0.001782
-0.008131
-0.002379
-0.007598
-0.002948
-0.002646
-0.004053
-0.004492
-0.003315
-0.008685
-0.002656
-0.004449
-0.016510
-0.008713
-0.004226
-0.011751
-0.007006
-0.002539
-0.003992
-0.010661
-0.005834
-0.005856
-0.001894
-0.001835
-0.001372
-0.001079
-0.004121
-0.000928
-0.000215
-0.000036
0.000292
0.000594
0.001069
0.002551
0.006991
0.002130
0.005316
0.006098
0.003827
0.012799
0.009068
0.007329
0.014627
0.003879
0.004785
0.009210
0.005118
0.016579
0.017228
0.008739
0.009881
0.007505
0.004155
0.008144
0.015184
0.003701
0.003911
0.004201
0.003302
0.002858
0.006427
0.003252
0.003612
0.001459
0.003525
0.002422
0.000736
0.000602
0.000462
0.000044
-0.000366
-0.002963
-0.005181
-0.003501
-0.007561
-0.002861
-0.007944
-0.003158
-0.004967
-0.003897
-0.005021
-0.010245
-0.005001
-0.002049
-0.002466
-0.001485
-0.004844
-0.008697
-0.003141
-0.002600
-0.005029
-0.002153
-0.004984
-0.001467
-0.002935
-0.001123
-0.004087
-0.001454
-0.002089
-0.005495
-0.001657
-0.001228
-0.001776
-0.004576
-0.001934
-0.001507
-0.001975
-0.001902
-0.005388
-0.000779
-0.001829
-0.000946
-0.002912
-0.004951
-0.002547
-0.007711
-0.009142
-0.003095
-0.006608
-0.004315
-0.000485
-0.000561
-0.001266
-0.000784
-0.002759
-0.003843
-0.001436
-0.003402
-0.003369
-0.001009
-0.001365
0.000118
0.001460
0.000649
0.002087
0.002759
0.000684
0.001059
-0.000353
-0.003005
-0.002028
-0.005431
-0.002792
-0.001361
-0.001936
-0.001181
-0.001034
-0.003563
-0.004771
-0.001767
-0.004562
-0.001661
-0.004150
-0.004527
-0.005594
-0.005701
-0.004424
-0.000710
-0.001128
-0.002441
-0.001033
-0.002543
-0.001962
-0.002494
-0.001379
-0.003824
-0.003202
-0.001878
-0.001155
-0.001196
-0.001289
-0.000649
-0.000259
-0.000914
-0.000846
-0.000905
-0.003003
-0.001277
-0.001157
-0.0044
